10 0 10 96 0 96
0 0.0103821 0.0077917 0.00678023 0.00836388 0.00271278 0.0571715 0.0114728 8.95117e-14 0.622705
0 -0.213032 0.00873559 3.50028e-09 0.000460815 1.23047e-10 3.31786 0.000873729 0.00874162 0.00136974
0 0.3 0.0048046 1.36988e-05 6.19377e-12 0.00651065 0.0086323 0.0156671 0.00314144 0.0101133
0.1 0.3 1.44094e-05 1.83745e-11 -0 8.23813e-10 0.00444238 3.60101e-13 7.46625e-15 6.58265e-07
-0.0181182 0.125913 0.003457 0 5.9257e-12 2.18421e-10 0.00579541 0.00845729 0.00961547 0.00206873
-0.0213142 0.041326 0.0554372 0.00838024 7.44784e-11 2.16727e-12 6.30919e-09 0.0036842 0.0115577 0.00461131
-0.00241368 1.55619 0.00358033 0.000452065 -0.0227198 0.00185644 0.00086838 0.00369434 0.00492609 0.00468777
6.10623e-16 0.9 0.00020372 1.43979e-08 0.000408096 -1.1 0.0119022 1.38778e-16 -0.00160801 0.00718414
0.000772382 0.00334763 0.0075846 0.00702971 0.00853917 1.16573e-15 3.14909e-11 0 -0.035057 0.0105905
0.0031249 0.00754926 0.0046338 0.00567221 0.0112273 0.00912387 0.00390448 0 -0.00522915 0.0190941
0.00602391 0.0093614 0.00298707 0.00682709 3.11411e-08 -0 0.00367529 0 1.39185e-10 4.84291
0.00123869 0.00207385 7.10543e-15 5.41711e-11 0.000664224 0.0250766 0.00516378 0 0.177275 0.00980571
0.00979239 0.00777617 0.00387267 3.32653e-09 0.00518076 0.0322529 2.77556e-17 0 0.873044 0.0315437
0.00981163 0.0111759 0.000103717 1.73467e-12 0.00581553 0.0242062 -0.0113302 0 1.27483 0.1
0.0155862 0.0116747 0.00493059 0.0180519 0.00224711 0.0642219 -0.0193701 0 1.89711 0.00648228
0.0144334 0.00880561 3.69953e-09 0.0362244 2.71342e-11 0.0178821 0.0238408 0 1.79337 5.55112e-17
0 -0.0089043 0.00360672 0.216602 0.2 0.021646 -0.0455345 8.08686e-13 -0.00939825 0.981648
0 3.33067e-15 3.42966e-06 0.211782 0 6.21002e-09 0.0108041 -0.0158944 4.49668e-09 2.22045e-16
0 -0.010523 2.80331e-15 0.479913 0.000858454 0.0241073 3.7137e-14 -0.0160092 -0.00476196 -0
1.32082 -0.0203632 8.32667e-17 0.000609215 -0.0135398 0.00307237 0 -0.0107903 -0.0139041 1.92624e-14
0.0746765 6.82787e-15 0.00567808 1.30119e-06 1.87073e-14 4.08467e-11 3.08087e-15 -0.013043 0 1.74027e-14
-0.0115938 -0.0220039 0.00195068 0.054566 0.010415 0 1.39222e-13 -0.0149374 0.00219514 5.77871e-14
0.00188176 3.05311e-16 0 1.29729 -0.0120934 0.0299352 1.249e-15 -0.0228637 0.0342232 -0
-0.0234394 9.42052e-13 2.22045e-16 1.15918 0.0673529 3.82177e-08 -0.0176242 -2.1 0.134772 0.0149448
-0.0251656 6.03913e-05 3.21132e-14 0.000394441 0.00302657 0.00410256 -0.0527831 0 0.0237942 0.016924
7.85483e-15 0.00291227 0.00321431 0.00656728 5.55112e-17 0.000643439 0 0 0.012582 0.0210454
0.00146631 0.00672 2.27596e-15 3.60822e-16 1.78191e-14 0.0133143 0 0 0.00269677 0.00468802
2.44249e-15 1.87766e-13 8.04912e-16 1.44656e-09 1.9984e-15 0.00318634 -0.0200116 0 0.0388641 -0.0171809
1.16296e-14 0.00668655 1.19349e-15 0.0090061 -0.0218201 0.00803698 -0.0593159 0 -0.0598398 0.00808854
2.64844e-13 0 8.32667e-17 1.70253e-13 1.20737e-14 0.0197377 -0.0282385 0 1.2739e-12 0.0296697
3.60822e-16 0.00671556 2.58127e-14 0.00296274 4.26048e-14 4.2566e-13 -0.0407594 0 0.0388423 0.0136496
7.60503e-15 3.99503e-05 -0 0.0156278 -0.0114725 -0.0128043 1.13707e-11 0 1.8 0.00600556
0 0.0161125 -0.0174281 -0.0184665 -0.0910764 -0.0302334 0.00583541 0.0572104 0.5 0.0889572
0 0.00958556 -0.0140706 -0.0240014 1.33982e-07 -0.0357401 0.0641964 0.0592856 0.0680295 -0.013281
0 0.00312726 -0.0096817 -0.0194241 8.03745e-10 -0.0206949 0.070234 0.0915447 0.5 -0.028186
0 0.0174847 -0.0116347 -0.0231195 0.00598893 -0.0397899 0.0652676 0.0598733 0.0846642 -0.0338145
0 0.027465 1.30895e-09 -0.00993334 0.00820591 -0.0328174 0.0782427 0.0675434 0.0218439 -0.0219876
-0.0133344 0.0164808 -0.0134942 -0.00583507 1.29544e-09 6.20503e-08 0.07333 0.0215207 0.041441 -0.00726864
-0.0135095 0.00969179 -0.0165332 -0.0183816 0.00487053 1.63758e-15 0.0717096 -0.0371048 0.04295 -0.0391442
-0.0170421 -2.952e-06 -0.0196787 -0.0208378 0.00569959 2.32622e-12 0.0644588 -0.0665827 -0.0419349 1.19349e-15
-0.1 0.0116343 3.67095e-13 -0.025014 -0.0123549 1.22026e-08 0.047459 -0.0395477 -0.0124469 0.355879
-0.00610504 0.0219661 2.47036e-06 -0.0198577 -0.0198915 1.20753e-09 0.00025426 0.084077 -0.0391565 0.309774
0.00369878 0.0269476 2.0852e-08 -0.0181111 -0.0253669 0.0111433 2.11792e-12 0 5.55112e-15 0.3
0.00996934 0.021993 9.20897e-11 -0.0254558 -0.00963651 0.0124017 0.0457749 0 1.66533e-14 0.5
-0.0162927 0.022879 -0.0147415 -0.0188487 -0.0165999 0.018912 0.0643373 0 -0.0176265 0
-0.00658689 0.0169948 -0.0144471 -0.0279754 -0.0426332 0.00317128 0.00169935 0 0.499987 0.322316
-0.0222002 0 2.35807e-09 -0.0094317 -0.033499 3.38419e-08 0.0706753 0 0.16105 0.255731
0.0361224 0.0128451 -0.0143191 1.41214 -0.0269116 0.00155198 0.0853714 0 1.54686 0.0280111
0 0.00255072 -0.0296498 -0.0225433 0.0413387 0.012934 9.22322e-09 0.0489494 0.0388714 0.0919755
0 7.84325e-09 -0.0291409 -0.030183 0.0142642 0.0121085 0.00149068 0.0531181 -0.043175 3.15303e-14
0 0.00536677 3.63598e-15 -0.0398381 0.000434048 0.0145493 0.0370141 0.0148594 -0.0159466 1.84019e-14
0 2.07425e-10 1.1561e-11 0 0.0141409 0.00814712 0.0256168 0.000286947 1.55431e-15 0.00321798
0 2.97515e-09 1.11577e-14 -0.0270106 0.00615984 0.00846401 0 -0.0211511 0 4.6585e-08
0 1.13728e-10 0.0011361 -0.0320255 -0.0162434 0.0484209 0.0384411 0.0180687 -0.0137525 -0.0196719
0 0.00399938 0.0123413 -0.0298752 -0.0190711 0.0135905 0.0342902 0.00354853 -0.0372933 -0.0148774
0.11754 0 -0.0159607 -0.00820295 0.00606363 0.0304259 0.0713921 0.0523366 0.00390986 0
-0.0325524 0.00961136 0.244132 -0.020879 4.45755e-14 2.77556e-16 0.0277546 0.160912 2.63799e-07 -0.015907
0.0212921 0.0101642 0.00312402 2.80331e-15 0.00119518 0.00104523 -0.023056 -0.4 -0.0301229 5.93969e-15
-0.0137788 0.0128838 0.0240738 3.88578e-16 4.79477e-05 0.00315982 -0 0.338499 4.08007e-15 -0.0417448
0.00298918 0.0210492 0.409841 0.000102837 7.02216e-15 0.181741 -0.0219464 0 3.88578e-16 -0.0231596
-0.0134272 0.0166518 9.15934e-16 3.03574e-09 -0.00911662 0.00659995 -0.0229711 0 6.31495e-09 1.85685e-14
2.67841e-14 3.21724e-05 0.1 0.00525013 3.67206e-14 8.27234e-05 -0.038805 0 1.39652e-09 -0.0202556
3.19189e-15 2.11208e-09 -0.0162737 2.04656e-08 0.00091594 0.00302189 0.00648524 0 0.0286453 -0.0129431
0.00243508 2.88869e-10 1.50056e-11 0.0375342 0.0114379 0.00471613 0 0 0.1 -0.0356397
0 0.00704893 0.00395905 0.00533477 -0.00554302 0.00916746 0.00292359 -0.0177935 0.0422271 -0.901453
0 6.20337e-14 0.0119956 1.60982e-15 -0.0126137 0.0132557 0.0148481 0.00107274 0.0264707 0.0143118
0 0.00222282 0.000606389 0 -0.00925689 -0.0226198 0.000498425 1.27121e-14 0.033859 0.0105293
0 4.70765e-09 1.55431e-15 4.46407e-08 -0.0186214 0.0062614 1.053e-07 0 0 0.0447714
0 0.0101005 1.09357e-14 0.00303324 -0.0423897 -0.0096316 2.45421e-08 -0.00555806 0.00411176 0.0450786
-0.00512288 2.22045e-16 2.4955e-13 0.00275666 1.07969e-14 4.6248e-09 2.71807e-08 -0.0105302 -0.00962552 0.0174216
-0.0220532 0.00513741 3.13083e-14 0.00350871 0.00709003 5.82867e-16 8.43274e-10 0 -0.0026074 0.00928625
0.00118208 5.27356e-16 1.44329e-15 0.00198942 -0.0253552 1.45329e-08 4.10262e-10 -0.0272648 -0.014221 2.85191e-12
0.0217049 6.80292e-09 6.07847e-15 0.00208483 5.44974 2.4 0.0338218 0 0.00731149 0.000438832
0.0237516 1.15425e-11 2.19269e-15 6.59903e-10 -0.021124 4.46497 1.089e-11 0 -0.0125685 9.22429e-13
0.0080013 0.000699537 0.00584889 0 0.010833 0.4 0.0484204 0 -0.000501225 -0.0309624
0.0181037 -0.0161554 5.7232e-14 5.93526e-09 1.71363e-13 0.5 0.0667178 0 -0.00808182 1.47002e-11
1.63508e-13 1.8614e-07 0.00200991 2.5532e-09 0.0118575 0 0.0103885 0 0.00537023 4.04459e-07
3.33067e-16 0.00704791 6.93889e-15 5.92277e-10 -0.0195612 0 0.0442678 0 0.0186735 0.00335089
0.00492914 0.000509838 6.43929e-15 0.0357169 -0.0183437 0 0.0386768 0 0.1 0.00486071
1.66533e-16 0.0123748 3.7248e-14 1.78795 0.000148428 0 0.0414863 0 1.74184 0.0263405
0 0.0048691 0.00629866 7.38049e-11 0.0999997 0.0329306 0.000419571 0.0206799 -0.0689814 -0.00161428
0 0.0016221 0.0102928 1.0907e-10 0 0.000272806 0.0012132 0.0202141 0.00453641 5.77316e-15
0 0.0061971 0.00860265 0.00398296 0.0107005 1.49727e-09 0.114837 -0.00424865 5.60663e-15 -0.0153019
0 0 0.00504777 3.2827e-10 0.0268086 0.00993673 0.0119108 0.0419387 0.00102025 0.00516167
0 0.0210678 1.84763e-08 0.00381339 0.00642356 -0.00795522 0.0155975 0.00554636 1.249e-15 0.00240303
0 0.0150791 8.38298e-09 0.00469912 0.00524165 0.00319133 0.00740995 0.0131043 1.05194e-13 4.76659e-05
-0.00706471 0.015942 0.00189233 1.20861e-09 0.0176711 5.96773e-08 0.0175199 0.0017596 3.89688e-14 0.00511212
-0.0441674 0.0141268 0.00592604 3.26173e-10 0.00176759 1.06514e-08 0.0100262 3.79141e-14 1.7486e-15 0.00853573
0.000179897 0.0184743 1.66089e-13 -0.212093 0.0280821 0.000376231 0.0063519 0 3.60822e-16 -0.0184004
0.00678194 0.0193483 0.0280198 -0.3 0.0194014 0.0047333 0.0335911 0 3.52496e-15 -1.20007
0.0262576 0.0106887 4.0266e-11 -0.4 0.0113716 0.00645439 0.00746931 0 3.93852e-14 1.6
0.00521165 0.00646732 1.68496e-12 -0.4 0.0134873 0.00575546 0.0106848 0 5.18197e-14 0.699842
0.0199884 -0.00879773 1.99618e-13 1.49516e-09 0.00248716 0.00458855 0.0391205 0 3.4972e-15 3.8
0.00348807 1.73668e-08 2.62858e-10 0.00231216 0.0306659 0.00623665 0.0154969 0 2.77556e-16 0.0211807
0.00551261 0.00496607 4.8901e-10 0.00327688 0.0135203 0.00307066 0.0496522 0 0.0299874 0
0.0315381 0.00881809 3.52421e-12 0.0185241 0.0229916 0.00506478 0.0328409 0 1.942 0.00397643
