8 0 8 64 0 64
0 0 0.000636497 0.380657 0 0 2.08712 1.57348
0 0 1.10644 5.64156 0 0 2.31871 2.20079
0 0 -1.75751 4.40013 0 0 2.2551 2.85188
0 0 -0.842173 2.81931 0 5.2 0.0277227 1.84702
0 0 0.533061 1.4605 2.2 -1.50731 0.344558 1.67168
0 3.9 1.35381 -1.55963 4 1.56084 2.14832 2.25915
0 -0.1 -1.0812 1.41579 4.62924 5.26949 2.54379 2.41322
0 -1.42399 -3.06894 -0.120313 3.98472 1.77752 2.9495 -0.581846
-7.34477 -0.185262 -1.06202 -0.898978 -0.606264 1.04188 -1.2104 -0.91346
-7.69322 -4.62218 -1.06293 2.69656 -2.34765 2.70004 -0.574391 2.88082
-6.8 -0.318536 0.36794 2.40513 2.22229 2.67275 0 2.04271
-4.26868 0.434427 -1.1 2.13323 -0.431859 4.29081 -2.14206 2.75745
0 -2.83176 -1.51628 -0.903218 5.41305 -2.15326 2.65006 0
0 -2.11068 -0.670083 3.51698 6.50675 -0.283004 3.60618 -1.83426
0 -3.2664 -1.61582 2.87746 5.48743 -1.12204 4.54164 2.07908
0 -0.2 -1.75028 0.430092 4.45137 2.3684 0.0802825 3.36306
-3.25986 1.25021 -1.74152 -1.9132 -1.94816 3.09381 1.30227 -0.990502
-3.79109 -1.55666 -2.34985 0.0140499 0.85826 -0.34901 0.475678 -2.6094
-4.1 2.02685 -0.2 1.3105 1.46235 1.97625 -0.541279 0.37765
0 1.88185 -4.96092 -2.5402 0.236047 1.58561 -0.496258 0.00849018
0 4.07457 0.27309 1.3365 -1.11203 3.13475 3.17944 7.0079
0 7.65172 2.50636 -1.94916 -3.14992 0.794197 2.65159 5.86792
0 6.6986 -2.57057 -5.95465 -4.38509 1.54236 3.71512 4.39224
0 6.24024 0.545564 -1.27522 -5.25727 -0.914744 2.07979 6.73846
-1.53831 -0.746257 -2.18038 -1.92745 -1.5863 1.03383 -2.67317 -0.479028
0.0279676 -0.11529 -2.77879 0.620644 -3.32481 -2.70601 -2.01766 -1.70042
-0.933353 -3.04688 -3.28442 -0.107094 -1.08972 -1.36192 -2.38559 -1.96559
-0.579747 0.119082 -3.33318 -0.340951 -2.35128 0.171041 -3.29842 0.590699
0 -1.73395 -1.62857 -0.127546 -1.52607 2.51703 -8.39075 -2.27079
0 0.634579 -0.273983 0.295749 -4.65994 1.7622 -9.2747 -1.01509
0 1.04963 -3.23093 0.106018 -4.24923 0.0884587 -7.1 -2.83732
0 1.3 -0.313133 2.15549 -4.21918 3.88279 -6.89959 -3.17358
-1.0672 -5.02016 1.17 -0.476146 4.69906 3.53773 1.84765 2.53238
-1.55137 -0.885096 0 3.19667 2.10133 4.79482 3.8682 4.86408
2.42502 -0.671557 -2.72565 2.64042 2.93475 3.32923 4.21585 3.42323
0.159315 -0.0145028 -4.88445 0.933541 4.3519 4.49783 3.06416 3.74741
0 2.71964 -2.86908 -3.93819 4.51086 6.3956 4.16686 2.00758
0 1.80605 -4.49069 -5.29434 6.54906 5.70978 3.12843 4.28604
0 3.41818 -5.39242 -0.69572 6.44936 6.85982 5.50177 -0.469572
0 -0.0127232 -3.54702 -3.60817 7.53384 7.31176 5.13083 3.3499
-4.8566 -2.96815 2.50125 -0.364622 -3.80774 -3.64856 0.0529471 1.46367
-5.39487 -2.86398 -0.8 -1.85359 -5.00629 -3.70897 2.42502 0.127168
-4.61698 1.98276 2.10872 0.939687 -3.5699 -2.51536 -0.558088 2.60881
-4.0202 0.903697 1.54056 1.98387 -2.85364 -2.09347 -2.87513 0.405372
0 4.03473 1.2538 0.768132 2.69823 -4.0689 -1.12454 1.51869
0 8.78015 -4.41054 2.2565 4.63829 -2.9 -0.341423 5.42841
0 5.25317 -2.83013 0.651989 4.74353 -3.22027 1.19606 2.86786
0 5.44865 -4.27284 3.08294 4.70944 -3.05258 -0.00649778 2.56827
0.342487 -0.466707 0.856081 1.4746 2.15382 -0.209266 -0.647568 -0.99626
-0.533592 2.24556 3.97591 0.69623 2.28379 1.21174 -2.11548 0.999025
0.600001 1.1025 -1.51478 -0.0950782 1.80527 4.02204 1.41577 0
-1.98987 1.64833 1.59946 0.615944 4.18777 2.16764 -1.23567 0.258511
0 0.86092 -0.618739 1.04686 -1.90727 0 2.48335 4.21072
0 0.464613 0.961662 -0.126729 -0.663368 1.12918 0.340245 4.16548
0 0.295207 1.86093 0.225802 -3.17815 1.35904 0.0667002 2.21235
0 -2.24598 -0.153011 -0.613165 -0.5 -1.43948 0.909381 2.55198
-5.39259 1.30016 -1.99333 0.336388 -0.1655 -0.575907 -3.82578 1.90125
-8.9084 2.44881 1.38717 2.3 -3 0.0102206 0.982459 1.1
-5.62026 -1.13701 1.18999 2.24077 -1.13205 2.50954 3.3918 0.7
-6.95654 -0.175846 0 0 1.83906 0.0273728 1.5 7
0 1.39098 0 0 -6.04781 -0.125225 0 0
0 1.38837 0 0 -4.87222 0.304836 0 0
0 0.52465 0 0 -5.4862 2.94364 0 0
0 2.64641 0 0 -6.63033 5.4 0 0
