438422
438158
436934
436777
438141
437353
437486
437302
436778
438139
437440
437071
437362
437299
437076
438421
437107
438163
438177
438403
438287
437940
438291
438155
437712
437072
438261
437484
437944
437890
437725
438283
437728
437474
436782
438262
437714
437070
438316
437659
437074
436765
438419
436760
437666
438254
438260
438404
438153
438028
437809
437709
437108
437573
438034
437435
438176
437112
438157
438162
437358
438284
436935
438405
437433
438264
437067
437430
437810
438314
438288
437029
437488
437109
438033
438263
437667
437811
436776
436764
438178
437010
437569
437658
438420
437568
437478
437650
438026
437572
437303
436759
437111
437719
437421
437417
438142
437891
438179
437723
437574
436936
438181
437105
437025
436772
438290
437110
438035
437888
437300
437106
436783
437008
437708
437649
437668
437431
437575
437434
436781
438160
437356
436815
437713
437073
437009
438289
438286
436933
436762
438140
436939
437583
437889
438138
438159
437361
437724
437726
437711
437075
437483
437941
437304
437297
436763
437727
436932
437487
