434257
434981
434978
434977
435817
433116
436548
434358
436396
434912
434024
434711
434700
432895
434773
434767
434909
434591
432896
435735
434154
435826
434769
433105
434648
436234
436601
435113
436340
432899
434689
435246
433402
433433
434040
435836
435111
435096
435186
434974
436602
434701
434137
433756
435840
434650
435841
435602
435933
435732
433915
433549
436206
433100
436402
436236
434587
434779
433399
432691
434355
435182
436203
435838
433929
435184
434241
433921
435254
434979
433004
434526
436018
434259
433396
435737
435720
435600
434052
433065
435331
433926
434614
435819
433060
434160
436538
436109
432886
433005
436343
434924
434134
434152
436342
432747
434615
433562
435604
432883
434710
434051
433113
434467
435832
434138
436475
434244
433111
434353
434646
436199
434363
433097
434612
435444
432639
434704
433015
434528
435530
434037
433746
435526
435337
436323
434462
434705
432881
434343
434360
432874
434768
434027
433571
433017
432768
432745
434774
434139
433568
434980
433020
432900
435371
434351
433548
433572
436474
434699
433044
433112
434590
435370
436549
435731
435716
436106
434694
434262
435244
434246
432780
434533
434147
434823
433918
433446
436598
433031
434256
436646
433401
433043
435112
434923
434775
434156
435525
433103
432641
433759
434242
435725
435185
436389
433000
435493
432894
433573
433058
435931
434761
434345
434913
432694
434649
434762
436478
434760
432640
434258
435839
434707
434712
434706
433285
433290
434151
433760
432762
435723
435332
434914
436107
433745
436108
436643
435721
434260
434148
432637
433063
433761
433400
435719
434346
433538
434046
435935
434647
436400
434344
436200
433283
436537
435487
434698
434459
434693
436016
435529
433171
434357
433001
434245
433754
434690
435247
432872
433106
435939
434975
434153
436391
435736
435828
434464
432746
434050
436394
434460
433028
436477
436202
432684
434049
433543
435527
435115
436019
434905
434703
433019
434347
434697
435606
436390
435114
434033
436233
435368
434645
436395
435930
433927
433009
436392
434765
434354
435934
436020
435490
436398
433110
435609
433928
434157
436644
434904
433546
434534
436204
434821
436393
436647
434529
436479
435495
434352
433567
435245
436540
435724
432767
435938
433114
433096
433284
433101
433003
436345
436196
434461
434362
434982
432748
435372
434021
432999
435717
434759
435818
432873
433030
434911
434592
434983
433743
433036
432884
436017
434356
435335
434150
435492
433564
434692
434824
433570
436210
434243
435361
433032
433741
434709
434903
436013
434028
434048
433007
436230
435936
434644
433042
434925
433930
433059
436539
432693
434984
432766
436645
434463
435022
435608
433917
435494
434708
432898
433744
434340
434261
434341
435601
434140
433107
436403
434816
436401
433102
436541
433397
436476
433014
434926
434527
435603
433104
433278
436599
436344
434910
435528
434364
433547
432875
435023
434976
432885
433758
432692
