10 0 10 96 0 96
0 -0.00723395 -0.0153182 1.06026e-14 -0.0111189 0 0 0 0 0
0 0 2.52576e-15 -0.0223723 0.00463178 0 0 0 0.0101381 0.00621643
0 0 0.00124462 4.05509e-14 0.00135915 0 0 0 0.00100241 0.000112147
0 0 -0.0108059 7.02216e-15 -0.0164478 0 0 0 0.0124953 0.00842491
0 0.0406017 -0.0128114 0 -0.0132898 0 0 0 0.0113331 0.00255882
-0.4 -0.00337838 -0.0148546 -0.0106906 5.4956e-15 0 0 0 0.00548235 3.83027e-15
-0.168856 0 -0.0198027 2.87187e-13 5.82867e-16 0 0 0 0.0272832 0.0051304
-0.080307 0 -0.0106759 3.83027e-15 1.19849e-13 0 0 0 0.00901034 4.16889e-14
-0.0299569 -0.0101483 1.18239e-14 -0.0143989 0 0 0 0 2.22045e-16 8.34888e-14
-0.0330205 -0.0137439 4.996e-16 9.4369e-16 0 0 0 0 0.0100187 1.37945e-14
-0.0346153 -0.0103942 -0.0135788 1.86517e-14 0 0 0 0 0.0263848 0.21948
-0.0339123 -0.0149883 -0.0173782 -0.0122115 0 0 0 0 -1.42183e-09 -0.0147344
-0.0254273 -0.0163734 2.77556e-17 0.00134894 0 0 0 0 0.2 0.00449677
-0.018965 0.000134739 -0.0103892 0.00355649 0 0 0 0 0 -0
-0.0067814 0.00599531 -0.0126199 0.00508503 0 0 0 0 0 -0.0135209
0 0 -0.011015 -3.2167e-11 0 0 0 0 0 0
0 -0.026111 2.40641e-14 0 0.10918 0 0 -0.0632642 0 0
0 -0.0326604 -0.0210046 0 0 0 0 -0.0760222 0 0
0 -0.0382366 -0.019448 0 0.000136992 0 0 -0.0734382 7.84373e-14 5.55112e-17
0 -0.0460505 -0.0158119 0.042438 5.55112e-17 0 0 -0.061731 0.00924118 -0.0181012
0 -0.0598085 6.66134e-16 6.68909e-15 0.00139499 0 0 -0.0701954 0 -0
0 -0.0266409 5.88696e-14 0.123372 0.0149081 0 0 -0.074637 0.00556972 5.4956e-15
-0.331765 -0.0354293 0 0 0.00690691 0 0 -0.123892 0.0489529 5.55112e-17
-0.145074 -0.0255178 -0.020759 0 0.0165303 0 0 0 0.503474 4.82947e-15
-0.0450078 -0.0164782 8.32667e-16 0.0158328 1.16573e-15 0 0 0 0.1 0.00343655
-0.0440833 -0.00934325 0.0119634 0.00692772 0 0 0 0 0.0693579 5.02376e-15
-0.0363703 -0.0221204 -0 0.00299369 0 0 0 0 0.0430534 -0.0213053
-0.023598 5.55112e-17 2.22045e-16 0.00865368 0 0 0 0 0.0769412 -0.0285654
-0.038759 -0.0136217 0.00165673 0.00740956 0 0 0 0 1.60982e-15 0.00372003
-0.0443365 0 0.0002564 0.0193376 0 0 0 0 0.0437366 0.00239899
-0.0389378 -0.0232432 5.55112e-17 0.0082169 0 0 0 0 0 -0.0335044
-0.0353528 -0.0166403 0.0148087 0.0207182 0 0 0 0 0 -0.0327791
0 8.21843e-14 -0.0148353 0.0152069 0.0587132 -0.0138089 9.4591e-14 0.0164941 -1.58234 0
0 -0.0134172 3.94129e-15 0.00413553 0.0551272 -0.0159834 0.0529023 0.0138037 0.0408159 -0.0206221
0 8.09908e-14 1.249e-15 0.0209453 0.0598242 5.57887e-14 0.0392446 0.0333446 -0.5 -0.0231043
0 0.00242195 -0.00807127 0.0108644 0.0509702 -0.0204181 0.0514944 -0.02351 -0.995958 1.27676e-15
0 0.00312406 0.0231078 0.0370528 0.0521949 -0.033741 0.0509748 0.0247419 0.0281762 -0
0 0.00988225 0.00867185 0.0479275 0.0410067 0.00272935 0.0466745 -0.0416679 0.0220907 -0.018129
-0.245771 0.00404811 0.0168503 0.0293984 0.0386695 -0.0148081 0.0385646 -0.267274 0.00696914 -0.0121733
-0.133691 -0.00113777 0.0143141 0.0376384 0.0444173 0 0.0253485 0 -0.0388441 -0.0280246
-0.144814 0.00606825 0.0247596 0.0509873 0.0109158 1.15991e-13 0.0105797 0 3.21965e-15 -1.69862
-0.0344987 0.00804773 0.0332429 0.0389302 0.0187784 9.4369e-16 -0.014634 0 5.55112e-17 -1.7
-0.0574357 0.0175128 0.0216218 0.0552213 0.00386507 0.00784356 -0.0272024 0 3.35842e-15 -1.68788
-0.0362751 0.00723974 0.0194356 0.0625454 0.0155139 0.0127003 0.01303 0 0.00546884 -1.5
-0.0312378 0.00103758 0.0189519 0.0385797 0.00783119 0.0226624 0.0115304 0 0.00577315 0
-0.0250356 0.010552 0.0162273 0.0507844 2.22045e-16 -0.0106783 -0.0208716 0 3.20574e-12 -1.15098
-0.0310637 0 0.0273155 0.0470809 2.6118e-14 0.00664212 0.0233525 0 0 -1.1
0 0 0.0296969 0 0.00209974 1.13798e-14 0 0 0 0.0792589
0 -0.00804619 -0.0268752 0.0253775 0.2 0.0404496 -0.0245367 0 0 0
0 -0.0326551 -0.0284201 0.00640255 0.0479415 0.0187824 -0.0182107 0.00537121 -0.0424062 0
0 -0.00962397 3.56104e-14 0.00662366 0.024862 0.0272041 0.0197573 -0.0307383 2.91434e-15 -0.022167
0 -0.0183705 0.00702309 0 0.0474001 0.0116561 0.00418715 -0.0540666 6.93889e-15 -0.0208576
0 -0.015814 7.68829e-15 0.0100019 0.031198 0.00718719 0 -0.0717399 0 -0.0253894
0 -0.0231736 2.73115e-14 0.0156755 0.0229687 -0.20583 0.0149141 -0.0382191 0.00792403 -0.0319938
0 6.70297e-14 0.00156193 0.0254001 0.000428064 0.0100309 0.0059058 -0.1 1.90403e-14 -0.0208112
-0.117498 0 1.42941e-14 0.156481 0.106355 0.0302857 0.0493386 0 0.017899 0
-0.176577 -0.00805857 0 0.0215128 0.0192816 -0.0157879 9.41002e-05 0 0.0128157 -0.0244708
-0.0746599 0.00187791 0.0563445 0.0381771 0.0214036 -0.0183518 -0.0408819 0 2.57572e-14 7.49401e-16
-0.0985318 0.00968269 0.0396744 0.041442 0.0167317 0.00362588 -0.0461495 0 0.00946653 -0.0573915
-0.0454883 0.0133869 0 0.0503297 0.0198003 0 -0.0573209 0 0.00774277 -0.0351306
-0.0476349 0.0116569 0.0152322 0.0636163 0.00350888 -0.0144837 -0.0598821 0 0.00333757 -0.0277117
-0.0403256 -0.00932235 0 0.0499034 0.00722012 0.00645094 -0.0782656 0 0.000225552 -0.0271215
-0.0403148 -0.00830072 0.0194557 0.0555936 0.00884834 -0.0176495 -0.0346686 0 0 -0.0397842
-0.0155691 -0 0 0.1 0 0 0 0 1.84852 -0.0640243
0 -0.00748136 1.17129e-14 0.0374345 0.00751237 0.00903163 -0.0105864 -0.06213 0 0
0 -0.0290602 0.0116708 0.0192674 0.0215344 0.0148859 3.00038e-13 -0.0351371 2.80331e-15 0.0148777
0 -0.0232694 0.00356322 0.0328246 0.0158597 -0.0234243 -0.0247544 -0.0453941 7.26086e-14 0
0 -0.0232655 3.27516e-15 0.031469 0.00412989 0.00448344 -0.013407 0 0 0.015843
0 -0.0172996 0.00363279 0.0256462 3.78003e-13 -0.0174257 -0.0233678 -0.0707314 1.55431e-15 0.00186124
0 -0.0202782 8.18789e-15 0.0183456 0.0159797 1.66533e-16 -0.020583 -0.0946712 1.18239e-14 0.0110963
0 -0.0159248 1.48215e-14 0.0208333 0.0269769 -0.0142328 -0.0266588 0 0.0024468 0.00678513
1.63137e-11 -0.0293804 0.00819432 0.0285494 -0.0138041 -0.0138679 -0.0274854 0 2.09277e-14 0.00729187
-0.0572037 -0.00698278 5.55112e-17 0.0381155 0.0130709 -0.335216 4.47142e-14 0 2.23571e-13 0.00510985
-0.0882888 1.52656e-14 2.0578e-13 0.035991 1.94289e-16 -0.224209 1.11022e-15 0 1.69309e-15 2.17049e-14
-0.0472025 3.83995e-05 0.00516833 0 0.012093 -0.400343 0.0318889 0 3.57048e-13 -0.0423238
-0.0334589 -0.0140652 0.000666696 0.0275554 0.0302346 -0.256688 0.0327032 0 7.49401e-16 8.6875e-15
-0.0418074 0.00573104 0.0169445 0.0445223 0.0126735 0 -0.0173633 0 0.012711 -0.0248511
-0.0291098 1.50435e-14 0.0159097 0.0364294 2.66454e-15 0 0.00302642 0 0.0161514 -0.0230538
-0.0355241 0.00891152 0.0141131 0.0689304 -0.0202306 0 1.70419e-14 0 0 3.747e-15
-0.0381626 0 0.0188919 0.00411992 0.00668392 0 0 0 0 1.8846e-14
0 -0.0206602 5.03486e-14 0 0.2 0.0346756 -0.022182 0 0 0
0 -0.0151896 -0.0173132 0.0187146 0 -0.00799204 -0.0245297 -0.0176665 0.00719252 0
0 -0.0123367 -0.0194946 0.0218508 0.0199134 9.27036e-15 -0.0271918 -0.0292899 2.96985e-15 -0.0166189
0 0 1.41553e-15 0.0194907 0.043153 0.0136524 -0.0131526 0.0126713 9.71445e-16 1.66533e-16
0 0.0225981 0.00135599 0.00595207 0.0181211 -0.00831721 -0.0191644 -0.0279216 0.013789 7.98805e-14
0 -0.0027347 6.38378e-16 0.0168217 0.0217167 2.7589e-14 -0.0232471 -0.035794 0.00985393 0.00304278
0 0.00408197 3.56659e-14 0.0198589 0.0263637 8.32667e-17 -0.0170119 -0.124988 3.41394e-15 3.26961e-14
-0.0992289 -0.00367066 0.00894472 0.0113422 0.017658 -0.00974438 -0.0183068 0 0.0112128 -0.0510835
-0.0608469 2.72005e-15 5.55112e-17 -0.2 0.0220617 -0 -0.0122273 0 0.00538646 -0.0194972
-0.0787495 0.0040975 2.60902e-15 -0.138154 0.0195864 4.08007e-15 0.00686293 0 0.0211287 1.01778
-0.0353059 0.00426045 1.95399e-14 -0.3 0.0173592 -0.00968258 -0.0103638 0 1.77081e-14 -0.6
-0.0321971 -0.00809953 0.0087669 -0.3 0.0282438 8.32667e-17 -0.0146874 0 0.00404282 0.2
-0.0081173 -0.0220005 0.000391361 0.0204377 0.00105111 5.05151e-15 0.00727422 0 0.0147057 0.747408
-0.022183 1.77469e-13 0.00891608 0.0359366 0.0435824 -0.0121431 -0.0189401 0 0.0268057 0.00281648
-0.0211697 1.41553e-15 0.0011825 0.0260127 0.0129277 -0.0102822 0.0140547 0 0 0
0.003881 1.77636e-15 0.00953249 0.00848661 0 0 -0.0144742 0 0 -0.0232055
