8 0 8 64 0 64
0 0 -1.98894 0.4 0 0 0 0
0 0 -0.0333676 0.0106954 0 0 0.00104066 0.00781893
-0.4 0 -0.013596 0.00633992 0 0 0.0469052 0.0108308
0 0 9.99201e-15 0.0137101 0 0 0.00675273 0.0110243
0 0.2 0.062201 0.0114012 0 0 2.52576e-15 0.000830878
0 0 -0.187925 0.0143541 0 0 0.00620788 0.00541852
0 0 0.0116045 0.013013 0 0 5.55112e-17 -0.1
0 0 0.0161595 0.0117057 -0.1 -0.198492 0.0126507 0.00979025
-0.0609516 0.4 -1.47313 0.000197058 2.85841 0.00525504 2.95874e-14 0.00465516
1.929e-11 0.0121285 -0.273987 -0.278267 0.0343425 0.00794084 1.1674e-13 5.55112e-17
0.0158913 0.0144807 -0.125863 -0.3 0.0567873 0.0398723 0 -0.1
0.0330902 0.0226459 -0.156907 0.00511199 0.0446527 0.0228386 0.000985864 0.00991009
0 0.0220005 0.4 5.92582e-13 0.0147713 0.0167534 0.00252641 0
0 0.0323151 0.012483 0.0143585 0.0250114 0.454393 0.0124178 1.1019e-14
0 0.032095 -0 3.4972e-15 0.0207253 5.55112e-17 0.0138708 0.00385076
0 -2.72046 1.80677 0.110884 0.0432822 0.2 0.0493175 0.0120606
0.0042138 0.409283 0.00609382 1.94844e-14 0.0322648 0.0333342 0.477687 0.0164658
0.0173609 0.0181864 0.00410837 0.00746062 0.0467607 0.0160513 0.0207459 0.00592309
0.0187352 0.0189684 -0.0471542 0.2 0.57934 -0.234212 0.0216416 -0.269782
0 0.0324801 0.00603228 0.00704849 0.0557124 0.206286 0.0189895 0.544353
0 0.0279844 0.000721793 0.0126163 0.020278 0.0314598 5.55112e-17 0.0211007
0 0.0353724 1.66533e-16 0.012207 0.0260615 -0.171147 0.00636955 -0.160734
0 0.0366623 0.238655 0.0141215 0.0124264 0.0410194 0.0013716 0.054646
0 0.0361143 0.0105681 0.0081493 -0.0449204 0.0501871 0.0101033 0.0380026
0.0201144 0.0221441 6.93889e-16 1.16027e-10 -0.0190002 0.0283494 0.030557 0.0187949
7.77156e-16 0.0402172 0.3 0.00559105 0.0319814 0.0300531 -0.250807 0.0223159
0.209439 0.017706 -0.194088 0.0119985 0.0534409 0.022521 0.0131845 0.0156594
-0.318216 0.3 3.51108e-14 0.0120817 1.87628e-14 0.0339712 0.00458945 0.0200352
0 0.0216281 5.77316e-15 0.00119099 0.13864 0.0168747 0.00476741 0.00777712
0 0.0343303 0.120449 0.00132285 0.0117767 0.0261271 0.00608188 0.0221778
0 -0.27068 3.95795e-14 0.00697494 0.0223259 0.122794 2.7589e-14 0.47524
0 -0.130601 -0.0998008 -0.129675 0.0444984 0.041841 8.32667e-17 0.0138461
0.0126197 0.403701 6.02851e-14 0.448647 0.0395487 0.0200774 8.84312e-12 0.0136898
0.00055188 0.0217855 0 0 0.0391409 0.0219036 0.00842674 0.018438
0.0717578 -0.3 0.1 0.0137962 0.0477051 0.545924 0.0225456 0.0138712
0.034924 0.0314652 0.00358961 0.00972112 0.0574589 0.0245088 0.0251874 0.0183685
0 0.027085 0.0022308 0.0139639 8.71525e-15 0.0221227 0.3 -0.126577
0 0.0346414 0.0166792 0.012981 0.0247501 0.019664 0.0233577 0.0227938
0 0.0219268 0.00979721 0.00902263 -0.068203 0.0160323 0.0202416 0.0152468
0 0.0210708 0.00725555 0.00777566 0.0294447 0.0286925 0.0322527 -0.256953
5.55556e-13 0.012724 5.89251e-14 0.012069 0.0180204 0.0134402 0.0238943 0.0215985
0.00118846 0.0174194 0.00731702 0.0175634 0.0267679 0.0157414 0.00647334 0.353591
0.0011059 -0.284625 0.0111453 0.0168476 0.0286249 0.0132635 0.0177236 0.0159796
0.0109877 0.0296884 0.2 0.0170849 0.0476637 0.0195915 1.24539e-13 0.0257441
0 0.0136987 0.101698 -0.254363 0.0317867 0.0193048 0.00172371 0.0122718
0 0.0220779 0.000530309 0.00730125 0.0347578 0.024228 2.498e-15 0.0137659
0 0.0250683 0.00240003 0.00965442 0.0283828 0.0262052 0.445179 0.0165435
0 0.0167491 -0.148623 0.0211174 0.0430039 0.018944 0.00807486 0.0157236
0.00157936 -0.4 6.02018e-13 2.95236e-12 2.28012e-12 0.0238607 0.00191179 -0.222178
8.28726e-13 0.00812322 0.00692579 0.00199344 0.0393874 0.0293357 0.0101349 0.0127979
4.20497e-14 -0.196749 0.2 -0.221138 0.000228393 0.1 0.0203463 0
6.60694e-13 -0.278079 0.0424666 0.0246888 0.00377453 -0.121871 0.0174666 0.0161247
0 0.00517112 0.260601 -0.0445428 0.0198798 0 -0.026004 -0.0615122
0 0.0122487 -0.0282215 0.1 0.0250098 -0.255712 0.1 -0.319865
0 0.00432562 0 0 0.0235836 0.0114907 0.75223 0
0 0.0143402 0 0 0.0374997 0.0279218 0 0
0.00426866 0.020051 0 0 -0.0982007 0 0 0
0.00800253 -0.226107 0 0 0.0234019 0 0 0
0.00907661 0.0262439 0 0 0.0189188 0 0 0
0.0207179 0.4 0 0 0.0345002 0.0287748 0 0
0 -0.0500134 0 0 0.0317784 0.0540699 0 0
0 0.0241631 0 0 0.0284525 0 0 0
0 0.0130676 0 0 0.0332737 0 0 0
0 -0.0486995 0 0 0.0726502 -0.0444901 0 0
