10 0 10 96 0 96
0 -0.00891852 -0.0286678 -0.0354023 0 0.1 0.00998846 -0.0377393 -0.0775459 0
0 0.134533 -0.0269718 -0.0816849 5.53824e-10 -0.0292193 5.9227e-08 -0.1 -0.103473 -0.0355618
0 -2.21814 -0.0223993 -0.0568172 -0.0200907 -0.0423464 -0.0199912 4.84146e-12 -0.1 -0.0737815
0 1.03425 -0.0270503 -0.0481775 -0.0283765 -0.181096 2.88946e-10 -0.0398044 -0.0221116 -0.0576823
0 0 -0.0306859 0 -0.0220868 -0.0221425 -0.0188196 0.0258275 -0.1 -0.0810939
-0.0430679 0.0143356 -0.338111 -0.0341263 0.0308301 0.741249 0.2 2.22174e-09 -0.0996954 -0.071448
-0.11944 -10.3656 -0.0254166 -0.030599 -0.0220472 -0.0215488 -0.0262582 0.158625 -0.113049 -0.0338445
-0.0764876 1.50795 -0.0232915 -0.0307335 -0.0226013 0 0.0224434 4.25715e-13 -0.1 0.0141729
-0.026599 -0.0378064 -0.0319385 -0.0198274 -0.0291149 -0.0241634 1.35273e-07 0 -0.1 -0.0526397
-0.0179687 -0.0469206 -0.0668836 -0.0511458 -0.0138039 -0.0231739 -0.0558008 0 -0.0876551 -0.0173159
-0.0319195 -0.0210476 -0.0548982 -0.0406643 -0.0251578 -0.0187451 0.00277232 0 -0.037859 0
5.54262e-12 -0.026773 -0.0357433 -0.0492957 -0.0188666 0.0752229 6.2917e-09 0 0 -0.0586615
1.46158e-12 -0.0405112 -0.0193707 -0.0592717 -0.0375839 -0.972497 0.1 0 0 -0.0333194
-0.0303358 -0.0189691 -0.0442478 -0.0588075 0.1 3.00371e-13 -0.0648587 0 0 3.76303
-0.0371421 9.42196e-09 -0.0387657 0 -0.0456207 1.99938e-10 0.241862 0 0 -0.056213
9.34974e-13 -0.0240698 -0.0304821 0 -0.0352169 -0.0143649 0.00499049 0 0 0
0 -0.0174549 -0.00260391 6.3 0 -0.0642991 -0.0172371 0.741013 -0.0803817 0.93045
0 -0.0309604 -0.0121835 0 0 -0.00331864 1.87273 -0.0518523 -0.1 -0.042488
0 -0.0122223 -0.0296846 6.22342 0.1 -0.0223517 1.29074e-10 -0.0145733 -0.1 -0.0725309
0 -0.0524082 -0.0105453 0.0177874 -0.0491352 -0.0256949 0 -0.05115 0.0029628 -0.0822502
0 0.0809202 -0.0265485 -0.0396668 6.33812e-10 -0.0374798 -0.052701 1.74333e-12 0 -0.0527236
-0.115088 -0.0127402 0.0845437 0.120783 6.87146e-10 0 0.0995425 -0.0488101 -0.0868526 -0.0378812
-0.0981718 -0.0468961 0 0.422704 -0.0695404 -0.0322541 -0.0223304 -0.0493017 -0.143082 -0.0879745
7.28186e-09 -0.0358329 -0.025126 0.64489 0 -0.0360266 -0.0458448 0 0.267426 -0.0408913
-0.0695832 2.78584e-11 -0.0356378 -0.0378333 -0.0511565 -0.0565743 -0.0609857 0 1.95867e-09 0.0229127
-0.0570998 0.00279693 -0.0291967 -0.0284238 4.21634e-09 5.04526e-08 0 0 -0.108204 1.8438e-13
-0.00964261 0.00117072 -0.047136 -0.0268518 -0.5 -0.0423285 0 0 3.34649e-13 -0.0319169
5.42824e-11 2.59042e-10 -0.0411921 -0.032779 -0.192421 9.34963e-12 -0.069855 0 -0.0512444 -0.1
-0.0156521 1.66388e-09 -0.0252085 -0.0414449 0.00513837 -0.139766 -1.16985e-09 0 2.18884e-09 -0.0736859
-0.00842898 0 -0.00478535 -0.0339141 -0.0201001 0.00430957 -0.0801764 0 0.000956727 -0.00126033
-0.050211 1.96599e-10 -0.0186492 -0.0238785 -0.0298826 0.046036 -0.0709804 0 0 -0.0918987
-0.032544 1.35487e-11 -0.0708021 0 -0.0426802 -0.0313088 -0.053067 0 0 -0.0800675
0 -0.00945337 0.0127391 -0.0390706 0 -0.0571312 0 -0.00727709 0.091507 0.0269314
0 -0.0167241 -0.0189942 -0.0331366 -0.038408 -0.1 0.0137306 -0.00436806 0.108928 -0.0515796
0 -0.0020756 8.75139e-11 -0.0316373 -0.0859521 -0.0501237 0.000312729 0.0226051 1.23142 -0.0397874
0 0.0159404 -0.00703312 -0.00275232 -0.0351552 -0.100588 -0.0336884 0.0487539 -1.37769 -0.0788983
0 0.0192463 0.00823753 1.59918e-09 -0.0152205 -0.0562088 0.0242932 0.00908952 0.00810274 -0.0475678
2.03365e-13 0.006164 -0.0222414 -0.00568852 -0.0609221 -0.0634319 -0.0223612 0.1 0.0196185 -0.016327
-0.00287032 0.00148217 -0.039906 -0.0382649 -0.00736914 -0.0624439 1.94289e-05 -0.112188 -0.0135583 -0.0945485
0.0141577 -0.00685333 -0.0349293 -0.0230239 -0.0664238 0 3.66514e-10 -0.104867 -0.0881322 3.15715e-11
-0.0875962 -0.0120434 -0.0156121 -0.0689298 -0.0396645 -0.0408755 0.00679463 0.0132041 -0.0792928 -5
-0.0296111 0.0280648 -0.0232347 9.08416e-11 -0.0275381 3.48374e-10 -0.00990378 -0.00552252 2.44154e-10 0
0.053564 0.034841 -0.00747211 -0.0114617 -0.0566773 -0.0434199 0.00206384 0.0877376 1.36435e-11 0
0.1 0.0303877 8.14959e-13 -0.0111161 -0.0261967 0.0143197 1.6426e-12 0 0.00507598 0
-0.011843 0.0237295 -0.0184679 -0.00758449 -0.0416665 0.0135976 0.0479844 0 6.32153e-12 0
-0.0086622 0.00700716 -0.0245904 -0.0558224 -0.1 2.34315e-12 1.30088e-09 0 0 0
0.1 0 -0.0244202 0 -0.0963009 -0.00554435 0.0685332 0 0 0
3.19057e-09 0.0155109 -0.00674196 0 -0.0458162 0.00947345 -0.0506559 0 0 0.0755727
0 1.94622e-13 -0.0168715 -0.0269971 0 -0.0080739 -0.0107223 0.0902992 -0.00800525 0.122624
0 -0.00762335 -0.0293369 -0.0229089 0.0240319 0.000617977 -0.0108201 0.1 -0.0452522 0.0183327
0 -0.0119413 -0.0229152 -0.0258415 0.00984719 -0.0262853 0.0300201 0.0107937 0.0556403 -0.00746268
0 -0.043353 4.03427e-13 0 0.013264 -0.012327 0.0273264 0.00703979 -0.0296793 0.0347814
0 7.49211e-11 0.00498222 -0.0255626 5.91494e-12 -4.65621e-08 0 0.0158008 0 1.1322e-06
-0.100002 0.00800225 -0.0166782 -0.0371011 7.68527e-10 0 0.1 0.0566652 -0.0175679 -0.0167292
-0.0570008 6.80844e-14 -0.0036689 -0.0261298 0.00880811 0.0163739 0.0429306 -0.0206955 -0.122339 -0.0356439
-0.00943184 0 0.00658354 0 -0.0421759 0.0374907 0.0814711 -0.0178868 0.0154898 0
0.0151997 0.00191751 0 4.39909e-11 1.85241e-13 -0.0155675 0 0 -0.0138549 -0.0153174
0.0460286 0.0186077 0.0491416 -0.0176821 -0.0580596 -0.00604646 -0.0119086 0.438986 -0.0784229 0.0165365
-0.0327149 0.0113691 0.0347885 -0.010551 -0.0472438 0.00185587 -0.0225403 11.9 -0.00928393 -0.049481
-0.0112555 0.00526212 0 -0.0423841 -0.0216282 0 -0.0291611 0 0.00868666 -0.0424241
-0.0369299 0.0236854 -0.0221552 -0.0257077 -0.0213863 -0.010157 -0.0255205 0 -0.013967 -0.019128
0.0332518 -0.0161343 0.258274 0.00400622 -0.0287974 -0.0241782 -0.0379997 0 -0.0344511 -0.049884
0.0102859 9.24369e-10 -0.0511905 1.76577e-10 0.00363057 -0.0173788 3.2292e-08 0 2.2818e-09 -0.0256108
-0.021794 2.74067e-12 -0.0281187 0 -0.0244353 -0.00539039 0 0 0 -0.0510679
0 2.37013e-08 0.00957294 -0.00391463 0 2.73258e-07 0.013166 -0.0057201 8.92986e-09 0
0 5.80909e-10 -0.0151505 5.54001e-10 -0.0154426 0.0178512 0.00242119 8.18483e-09 0.0237352 -0.00740568
0 0.00565528 -0.039634 0 -0.0342605 -0.0333799 -0.00620488 0.0107111 0.0205362 0.0409368
0 0.0189971 -0.0238303 0.00438021 -0.0227781 0.0108539 -0.031506 0 0 -0.02122
0 0.0189037 -8.71205e-05 -0.0382636 -0.130339 1.2191e-11 0.0248143 -0.0295995 -0.0746866 0.0426681
0.0973712 0.0164232 0.00391308 0 -0.00778598 0.0160887 0.0249464 3.78009e-12 1.84233e-12 0.00552144
-0.0482533 -0.0169558 0.0041046 -0.0245028 -0.00278616 -0.00584351 5.6799e-13 0 -0.0902792 0.00985951
-0.0701109 -0.0207212 -0.0194465 3.20591e-09 -0.0327482 0.00755453 0.0082443 -0.0119349 -0.0212808 -0.034608
-0.0304008 0.00140957 1.66517e-12 -0.0233683 -0.0114453 0 0.0889241 0 0.0136619 0.00901339
-5.17809e-12 0.00416845 1.67312e-10 3.89294e-11 -0.0251114 0.796003 0.110124 0 -0.0334319 -0.0169691
2.60206e-09 0.0125098 4.2169e-13 0 -0.00731137 0.54127 0 0 -0.102988 -0.0299397
0.0123544 0.00660349 -0.0342669 -0.00263919 -0.0152363 0.460033 0 0 -0.0425804 9.63457e-11
3.98707e-11 -0.0142839 -0.0485852 -0.0296414 0.00155464 0 0 0 -0.0623248 2.65889e-10
1.3205e-11 1.88103e-08 5.07847e-11 -0.0247646 -0.0476013 0 0 0 -0.0469581 0.0228559
0.00365085 3.03993e-11 -0.00977434 0 0 0 0 0 0 0.0150011
0.0375139 0.0182543 -0.0136565 0 0.00454203 0 0.0203419 0 0 -0.024924
0 0.0176808 0.0291918 0.017882 0 0.0522641 0.0247781 0.0369968 1.44916e-08 0
0 0.0107437 0.00954944 0.0123299 0 0.0164401 0.0174797 0.0314942 6.70045e-08 0.0319865
0 -0.00900442 0.029752 0.00736089 0.0350765 0.0141179 0.0548775 -0.0102563 0.0050586 0.00141751
0 0 0.0249023 0.0120067 0.0473666 0.0132442 0.0193222 0.0476095 -0.0108142 0.021149
0 0.0423297 -0.624874 3.90521e-12 0.00966092 0.0260997 0.0179932 0.00988232 0.029107 0.0173512
0 0.00662036 0.0184281 5.78944e-08 0.0307022 0.0296485 0.0316149 0.0234018 2.61515e-11 0.00435835
0.00791874 0.0168078 0.0147094 0.000886146 0.0247743 0.0278217 0 0.0108669 0.00734509 0.0228907
0.0228562 0.00941395 0.00582898 0.0143074 0.0168858 0.0121466 0.0284847 0.022571 0.0301312 0
0.0120507 0.0420046 0.0211164 0 0.0404164 0.00798869 0.00902006 0 -0.021554 0
-0.00424297 0.0386046 0 0 0.014334 0.0341285 0.0124291 0 0.0140345 0
0.0895383 0.0392945 0.00254954 0 0.0244026 0.0232718 0.0661348 0 0.00197475 0
-0.00596883 0.0339536 0.0185051 0 0.0320336 0.0230516 0 0 0.0331803 0
0.0235454 1.58049e-08 0.00623021 0.0103 -0.00574083 0.0269126 0 0 0.0168284 0
0.0055469 0.00475467 0.017305 0.0176322 1.26681e-07 0.0260808 0 0 0.0285831 0
0.0201962 0.0308416 2.8772e-12 0 0.0290419 0.0166759 0 0 0 0
0.0176936 0.0248296 3.87596e-12 0 0.0434917 0.0158933 0 0 0 0.00546815
