8 0 8 64 0 64
0 0 0.0165815 0.408664 0 0 2.0738 1.55803
0 0 1.2109 5.7 0 0 2.43373 2.17803
0 0 -1.64554 4.44012 0 0 2.35411 2.83979
0 0 -0.707361 2.76508 0.707392 5.1 0.0265623 1.76783
0 0 0.6 1.38581 2.3 -1.5 0.325988 1.6195
0 0 1.41432 -1.5 4.1 1.77714 2.23458 2.28583
0 -1.6 -1.01073 1.3356 4.60949 5.39204 2.63366 2.42465
0 -1.35694 -3.03203 -0.186499 3.91669 1.8021 2.92949 -0.607142
-7.37869 -0.0675864 -1 -0.912314 -0.59409 1.0054 -1.23289 -0.9
-7.72584 -4.52387 -0.9 2.67273 -2.30757 2.65179 -0.539938 2.92228
-6.9 -0.115159 0.441125 2.32624 2.3 2.63214 0 2.1
-4.34748 0.297954 -1.03481 2.1 -0.4 4.21715 -2.1601 2.79126
0 -2.78421 -1.57313 -0.956875 5.37281 -2.1834 2.6 0
0 -2.05309 -0.659797 3.5 6.59455 -0.290677 3.6641 -1.8292
0 -3.17375 -1.56994 2.97862 5.50443 -1.1 4.60084 2.11269
0 0 -1.64991 0.4006 4.43634 2.36231 0.0771458 3.38907
-3.22023 1.34187 -1.63133 -1.93561 -1.92973 3.00386 1.26838 -1.00721
-3.5 -1.4 -2.31116 -0.0114703 0.952966 -0.452145 0.489587 -2.62741
-4 2.13356 -0.121109 1.3 1.6 1.91094 -0.530912 0.399102
0 1.96254 -4.95028 -2.58057 0.240619 1.45184 -0.551195 -0.0751858
0 4.1 0.271333 1.26944 -1.2 3.03084 3.14356 6.91604
0 7.6687 2.54868 -2.00522 -3.0948 0.761769 2.71231 5.84867
0 6.6442 -2.52131 -6.01507 -4.3252 1.50994 3.74498 4.36985
0 5.20305 0.549242 -1.33512 -5.29515 -1 2.08271 6.64713
-1.5 -0.717741 -2.19159 -1.89424 -1.58706 0.984979 -2.7 -0.5
0.0824836 -0.119291 -2.80502 0.551075 -3.2 -2.73575 -1.98541 -1.6842
-0.682453 -2.06111 -3.15902 -0.0813629 -1.04938 -1.37914 -2.31841 -1.93193
-0.562765 -0.822708 -3.35629 -0.379079 -2.39327 0.0726928 -3.39304 0.508083
0 -1.73595 -1.67156 -0.154408 -1.5943 2.43465 -8.41635 -2.33715
0 -0.1 -0.182515 0.3 -4.58868 1.80262 -9.18623 -1.01304
0 1.31046 -3.14636 0.110632 -4.20446 0.149975 -7.02861 -2.81706
0 1.14873 -0.335109 2.10534 -4.3 3.9 -6.87932 -3.26301
-1.11006 -5.02582 1.16147 -0.481008 4.70435 3.48348 1.80101 2.57456
-1.46622 -0.896686 0 2.71925 2.12889 4.79367 3.86034 4.93242
2.5 -0.7 -2.7155 2.58919 2.97528 3.35287 4.23069 3.50886
0.251397 -0.036191 -4.94523 0.9 4.33991 4.38993 3.0205 3.66238
0 2.7 -3 -3.99881 4.45845 6.4 4.15507 1.92233
0 1.7 -4.52333 -5.29809 6.54214 5.8 3.16962 4.33407
0 3.34475 -5.29199 -0.7 6.44603 6.9796 5.53761 -0.465442
0 1 -3.55612 -3.66832 7.47265 7.30459 5.04499 3.31359
-4.88901 -2.92553 2.5 -0.377734 -3.81385 -3.74063 0.00119356 1.42371
-5.5 -2.62753 -0.702988 -1.88894 -4.97183 -3.74235 2.44528 0.0698004
-4.68192 2.05755 1.99939 0.924584 -3.53263 -2.53783 -0.523125 2.57284
-4.10043 0.862757 1.52815 2 -2.88243 -2.21176 -2.93047 0.313966
0 4.03957 1.31204 0.710859 2.63245 -4.17652 -1.18595 1.44906
0 8.74266 -4.03439 2.3 4.7 -2.9363 -0.328098 5.40717
0 5.23586 -2.81779 0.9 4.8 -3.2667 1.21256 2.8609
0 5.35853 -4.17972 3.1 4.64151 -3.1 -0.1 2.50116
0.331617 -0.393929 0.860142 1.45736 2.16039 -0.262598 -0.679304 -1.02236
-0.331922 1.1 4.03364 0.718413 2.21167 1.25696 -2.15013 0.965078
0.615983 1.35436 -1.44323 -0.121846 1.74684 4.04481 1.37565 0
-1.97801 1.41014 1.55959 0.563429 3.98534 2.16248 -1.33517 0.190994
0 0.9 -0.401147 0.953889 -2.02884 0 2.4 4.12064
0 0.577189 0.943369 -0.1 -0.67987 1.2 0.31673 4.11011
0 0.340308 1.88245 0.209106 -3.19656 1.4 0.027091 2.14985
0 -2.27725 -0.241663 -0.638683 -0.578005 -1.43486 0.894331 2.4577
-5.3 1.35386 -2.08777 0.317616 -0.175585 -0.8 -3.8806 1.9
-8.77089 2.6 1.3 1.8021 -2.89532 -0.000525752 0.940665 1.12071
-5.5 0.235691 0.3 2 -1 2.56331 1.8 0.488395
-6.93721 -0.170578 0 0 1.8503 3.85955e-11 0 0
0 1.4 0 0 -6.14226 -0.227235 0 0
0 1.13851 0 0 -4.92485 0.387964 0 0
0 0.527702 0 0 -5.51504 2.91861 0 0
0 1.6 0 0 -6.6693 5.1 0 0
