8 0 8 64 0 64
0 0 0.1 0.499502 0 0 2.1909 1.72139
0 0 1.21607 5.76021 0 0 2.43511 2.31954
0 0 -1.67806 3.8 0 0 2.40238 3.04137
0 0 -0.764027 2.94818 0 5.4741 0.156806 1.97273
0 0 0.727765 1.5911 2.3703 -1.48475 0.440609 1.81398
0 0 1.48039 -1.5 4.13758 1.72937 2.3 2.4
0 -1.5869 -0.974661 1.52673 4.7 5.37145 2.63839 2.55798
0 -2.2163 -2.9578 0.00431188 4.11258 1.85534 3.09048 -0.43818
0 0 -0.9 -0.795648 -0.493516 1.15151 -1.103 -0.787404
-8.8 -4.5 -0.15247 2.80919 -2.25319 2.8 -0.456264 3.05414
-6.78915 -0.2 -0.2 2.49038 2.23371 2.74521 0 2.16121
-4.29631 0.342413 -0.997556 2.25441 -0.397445 4.40571 -2.00631 2.94268
0 -2.63198 -1.41321 -0.791317 5.51417 -2.11501 2.77967 0
0 -1.43394 -0.515688 3.58976 6.62394 -0.272145 3.7 -1.65478
0 -3.1 -1.49305 1.84 5.5707 -1.06131 4.63304 2.28138
0 0 -1.69304 0.518697 4.51621 2.44119 0.206912 3.58488
-3.18719 0 -1.48598 -1.81229 -1.84435 3.1619 1.41886 -0.859145
-3.42791 -1.29628 -2.23699 0.127777 0.916643 -0.315312 0.60144 -2.46985
-3.94608 2.0507 -0.107431 1.43922 1.52546 2.04156 -0.4 0.515928
0 2.04339 -4.83478 -2.41697 0.282476 1.65364 -0.375796 0.120306
0 4.2244 0.362425 1.41376 -1.00081 3.16854 3.30797 7.13548
0 6.63294 2.60739 -1.84547 -3 0.805667 2.73969 6.03285
0 6.7667 -2.5195 -5.87431 -4.2 1.57132 3.83482 4.567
0 5.3 0.653055 -1.17277 -5.1 -0.859525 2.20769 6.85545
-1.4 -0.667615 -2.09205 -1.82198 -1.46641 1.13783 -2.59696 -0.354927
0.117273 0.448752 -3.1 0.604709 -3.3 -2.59966 -1.98172 -1.56665
-0.55591 -1.90782 -3.19635 7.56446e-10 -1.07031 -1.25448 -2.3 -1.84185
-0.443419 -0.766588 -3.22865 -0.207081 -2.18404 0.292507 -3.18604 0.713673
0 -1.572 -1.48177 -0.059855 -1.4 2.55824 -8.29115 -2.13994
0 5.22998e-12 -0.172775 0.418518 -4.49079 1.80342 -9.07933 -0.870586
0 1.66446 -3.1 0.166804 -4.1 0.118259 -6.99947 -2.66439
0 1.26859 -0.17228 2.30382 -4.03547 3.94725 -6.77814 -3.04712
-1 -4.94022 1.3 -0.373114 4.77686 3.7 1.93633 2.65011
-1.45241 -0.7 0 1.1 2.16191 4.9552 3.91224 5.03822
2.48144 -1.2743 -2.6 2.75806 3.01446 3.43365 4.3 3.56467
0.356893 0.303799 -4.73406 1.05331 4.41489 4.64996 3.18717 3.86706
0 2.79238 -3.07461 -3.81513 4.64404 6.48474 4.23288 2.13326
0 1.65975 -4.52832 -5.16975 6.61921 5.8 3.22562 4.45098
0 3.41281 -5.29664 -0.590542 6.52044 6.9454 5.6 -0.361824
0 1.1575 -3.45535 -3.482 7.63849 7.39251 5.22724 3.50271
-4.78908 -2.9 2.5938 -0.282482 -3.73214 -3.56678 0.133443 1.6
-5.27955 -2.46154 0.757312 -0.476052 -4.97142 -3.58893 2.53472 0.249853
-4.52017 2.1 1.88226 1.05886 -3.57464 -2.47371 -0.487125 2.72958
-3.93731 0.999797 1.67472 2.11974 -2.82779 -2.00683 -2.85479 0.548519
0 4.2 1.37462 0.893151 2.80267 -4.02132 -0.998816 1.64347
0 8.82871 -3.78805 2.35126 4.72883 -2.89172 -0.279496 5.5705
0 5.33885 -2.79446 1.9 4.83665 -3.23041 1.30999 2.97568
0 5.56707 -4.1 3.20267 4.80633 -3.03796 0.105644 2.68501
0.418401 -0.398391 0.959942 1.58233 2.21329 -0.0877742 -0.522616 -0.860283
-0.15859 1.24797 4.12351 0.794893 2.28994 1.30758 -1.94825 1.14414
0.770543 1.41298 -1.4 0.0709433 1.84323 4.1 1.5159 0
-1.76461 1.57335 1.67521 0.744287 4.18487 2.23667 -1.1279 0.388482
0 1 -0.390096 1.13522 -1.781 0 2.57676 4.33756
0 0.465831 1.08565 0.0269761 -0.580363 1.25074 0.4 4.31034
0 0.413256 1.93638 0.288195 -3.04391 1.43678 0.201843 2.3379
0 -2.2 -0.088077 -0.496684 -0.4 -1.34691 1.04657 2.6607
-5.4 1.41765 -0.296281 0.6 -0.066344 0 -3.67959 2.02619
-8.8 2.5 1.46612 2.11145 -2.95929 0.0875123 1.1 1.32632
-7.5394 0.42839 0.433194 2.04889 -1.06198 2.53684 2.1227 0.6
-6.89853 0.0309803 -0.0240847 2.9 1.84662 0.0956996 0.3 5.49981
0 1.37847 0 0 -5.94522 -0.0221177 0 0
0 1 0 0 -4.75578 0.506146 0 0
0 0.6 0 0 -5.42615 2.95498 0 0
0 1.71339 0 0 -6.56968 0 0 0
