10 0 10 96 0 96
0 0.0105013 0.00968528 0.00843403 0 -0.00229102 0.0730386 0.0236594 8.92841e-12 0.643016
0 0.10293 0.00868785 -0.00756295 0.0157994 0.00146577 0.0486007 0.0137437 0.00108968 0.0107323
0 0 0.00213422 0.00674361 -0.000186841 0.0679396 0.00206222 0.0120565 -0.00357212 0.00137898
0 0 0.00734898 0.0116108 -0.00107351 0.00126806 0.0193463 0.00260908 -0.0271002 0.00247808
1.71381e-05 0 0.00410964 0 0.00106457 0.0147567 2.00155 0.0104774 2.14645e-12 0.00336804
1.66735e-08 0.0319109 -0.1 0.00665993 0.0131608 -0.00250405 0.0210857 0.0255256 0.0151165 0.00251311
0.0227081 0 0.00310329 0.00898236 -0.0829644 0.00319913 0.0100032 0.0416437 2.04553e-12 0.0114053
0.00393177 0 0.00898707 0.00631305 0.00894385 0 4.65744e-06 0.00563805 -0.0356811 0.011157
0.00785179 0.0104706 0.0111227 0.00647118 0.00381304 -0.0044281 0.00327642 0 -0.0330724 0.00900111
0.00555199 0.0108241 -0.0016285 0.00850524 0.00666156 0.0216654 -0.00325724 0 -0.0189045 0.0147022
0.00944028 0.00923868 0.000985828 0.00892279 0.00139125 -0.0203931 0.1 0 -0.00182117 0
0.00393387 0.0107887 -0.000712176 0.00499127 0.00450941 0.0386301 0.021173 0 0 0.0079336
0.0149658 0.00536493 0.00192462 0.00312339 0.000844463 0.079649 0.00741394 0 0 0.0209878
0.0161343 0.0157583 0.00795673 0.000457147 0.1 0.0477475 3.75272e-12 0 0 0
0.0245577 0.0150237 0.00123472 0 -0.00228538 0.0708985 -0.00407141 0 0 0.0115435
0.0220224 0.0108104 0.00768766 0 0.00714657 0.0315766 0.0662256 0 0 0.185568
0 -0.00838148 -0.00159062 0 0 0.1 -0.0446356 0.1 -0.00703186 0.915261
0 4.55747e-14 7.53481e-13 0 0 0.00696223 0.00636742 -0.00476675 0.00825051 -0.0169229
0 -0.0138882 -0.00251624 0 0.2 0.00875489 1.57762e-09 -0.0120514 0.00267155 -0.0180283
0 -0.00960895 1.60261e-13 0.029062 -0.00988377 -0.0031468 0 4.11837e-13 -0.0229069 -0.0158041
0 -0.0375975 0.00213372 -0.0196648 2.31264e-09 1.27915e-08 -0.0101453 -0.0210945 0 -0.0111179
-0.0334116 -0.0153473 0.0255303 0.1 0.0388189 0 4.59229e-09 1.65701e-13 0.00269098 -0.00979943
-0.023964 -0.0163231 0 0.0409336 -0.01062 4.64229e-11 -0.010162 8.70359e-12 0.0412762 -0.0166646
-0.00538101 -0.00118829 -0.00864025 0.682803 0 0.00497228 -0.0231475 0 0.0780774 0.00328294
1.62501e-12 1.78341e-12 -0.000897423 0.0046489 0.000824829 0.00193398 -0.0675842 0 0.0244339 0.00962047
1.39808e-12 0.00511686 1.02504e-10 0.00413112 -0.0875501 0.00141466 0 0 0.0172706 0.0120542
1.77676e-10 -0.00396428 1.80131e-11 5.80046e-11 0.00069915 -0.00976884 0 0 0.0078913 6.16713e-11
3.99739e-12 -0.00414275 -0.0115127 0.0017056 -0.0460512 -0.0139024 -0.00352788 0 0.0218213 -0.0289939
-0.00507592 0.00430134 -0.00397512 0.00264023 -0.0183217 -0.1 0.0244795 0 -0.0661649 0.0110543
-0.010978 0 4.04812e-11 4.24103e-10 9.93207e-11 0.043371 0.0667891 0 2.51709e-10 0.0372589
4.46004e-13 1.66211e-10 4.53443e-13 0.00852514 -0.000418724 0.050451 4.22295e-11 0 0 0.000652887
0.00494334 0.00438024 0.00756487 0 -0.009593 -0.0183908 2.08444e-14 0 0 8.95528e-12
0 0.0236383 -0.0190638 -0.00936255 0 -0.0365211 0 0.0637634 0.4 0.1
0 0.0184983 -0.00665167 -0.0187598 -0.00604605 -0.0411007 0.0735801 0.0650557 0.124874 -0.00745481
0 0.00443073 0.00173918 -0.015239 -0.0145863 -0.0270995 0.0692327 0.0881219 0.104013 -0.0245525
0 0.023496 -0.00644399 -0.0169731 0.00150471 -0.0507872 0.0629195 0.0596869 0.0313603 -0.0335932
0 0.0338835 0.00628518 -0.00197604 0.00720688 -0.0357658 0.0777114 0.0678887 0.0506579 -0.0107819
-0.013282 0.0174309 -0.00728757 0.00036749 -0.00389209 -0.00788887 0.0660231 0.00491102 0.0540202 -0.00852709
0.0027299 0.0111768 -0.00575362 -0.0063922 0.00331631 -0.0199901 0.0646896 0.0189311 2.51974e-11 -0.0422289
0.0114909 0.0100181 -0.0111827 -0.0125389 0.00653275 0 0.0522333 0.00813409 -0.0579143 -0.00270563
-0.0300908 0.020233 0.00199912 -0.0146936 -0.0181288 -0.0114387 0.0638523 -0.0250196 -0.0495274 0
0.0139473 0.0240759 0.00571236 -0.0123002 -0.0226884 -0.000458423 0.00514024 6.81989e-10 -0.0428435 0
-0.00751433 0.0314271 0.00601783 -0.00704304 -0.0225051 0.0139329 3.82247e-12 -0.00852389 -0.0255575 0
1.10704e-11 0.021969 0.00189437 -0.0244428 -0.0108439 0.0186822 0.0432964 0 -0.0353621 0
-0.0104672 0.0252757 -0.0103977 -0.0112 -0.0204799 0.0242322 0.0801903 0 -0.0334214 0
-0.00273171 0.0218334 -0.00534182 -0.0218931 -0.0359941 0.00153915 0.0046171 0 0 0
-0.0254526 0 0.00641022 0 -0.0415915 -0.00880645 0.0783814 0 0 0
0.0437554 0.00525069 -0.00921414 0 -0.032204 0.00359743 0.108056 0 0 0.0806555
0 -0.0116171 -0.0347211 -0.0183055 0 0.0114835 0.00268725 0.0523706 0.2 0.141383
0 -0.010112 -0.0241817 -0.0320964 0.0230613 0.0133393 0.000540574 0.0671299 -0.0271878 0.000173524
0 0.000426773 0.000797492 -0.0353853 0.0104122 0.020866 0.0446405 0.0226384 2.84601e-11 3.55826e-14
0 -0.0216873 0.00619677 0 0.0247621 0.0079533 0.0305906 0 -0.0320302 2.98871e-08
0 -0.0113798 1.98762e-09 -0.0210118 0.00398733 0 0 -0.0231663 0 0.00188263
-0.0427522 -0.0144146 0.00874922 -0.0207231 0 0 0 0.0227237 -0.020557 -0.0109462
-0.000195349 -0.0117682 0.00984177 -0.0269628 -0.0116748 0.0197926 0.0264963 2.2707e-11 -0.0569404 -0.0139878
-0.0155593 0 -0.00980298 0 0.0139979 0.0328395 0.0658697 0.0125911 1.47102e-12 0
-0.010206 0.0169362 0 -0.0170619 -0.00497466 -0.00179028 0 0 -0.00220649 -0.00872387
0.00136092 0.0123844 0.0306477 3.88629e-08 -0.00301062 -0.0013207 0.00306015 0 -0.0313591 -0.014964
-0.0162076 0.0222175 0.0306211 1.16039e-08 -0.00996459 0.0135117 4.85633e-05 0 1.75385e-08 -0.040066
-0.0134876 0.0247893 0 0.00922059 -0.00645895 0 -0.0285474 0 -0.00444193 -0.0219021
-0.0133572 0.0266207 -0.0151756 0.0107057 -0.013233 0.00374935 -0.0141504 0 0.0410076 -0.0178418
-0.00575924 0.0063791 0.28318 0.00800938 -0.0120778 -0.000760953 -0.0361218 0 0.003341 -0.0316523
1.28886e-11 0.00202219 -0.0126321 0.00577402 -0.00230436 -0.00598779 0.0100064 0 0 -0.0166132
-0.00204937 -0.00582081 0.0494964 0 0.00640536 -0.0065674 0 0 0 -0.0495899
0 0.0284564 0.0107776 0.00330108 0.0258734 0.00114171 0.011333 -0.00865915 -0.00737574 -0.799027
0 0.0215716 0.0167493 -0.00105826 -0.00950034 0.00979237 0.0167124 0.00577778 0.00322945 0.00818291
0 0.0306459 0.00928812 0 -0.0125581 -0.0205971 0.00407366 0.0095676 -0.0214698 0.0222809
0 0.00455918 2.50539e-10 0.00519878 -0.0167108 0.00719431 -0.00224736 0 0 0.024714
0.00830108 0.0328374 0.000130147 0.00711158 -0.0500476 -0.0137337 -0.00719843 -0.0205388 -0.00427225 0.0179341
-0.0258202 -0.0183902 -0.002159 0.0253108 0.000802651 5.44845e-07 0.00460219 1.40644e-11 -0.0207829 0.00518755
0.00838786 0.0203025 -0.0108296 0.00830612 0.00216671 -0.00348807 3.04573e-12 0 -0.000197535 0.00360228
0.0296262 -0.00840021 3.49163e-11 0.00251618 -0.0210854 0.00422953 0.00247038 2.09144e-12 -0.0378235 -0.0101842
0.0100374 0.00137661 -0.00719098 0.0188242 -0.0105119 0 8.37663e-14 0 -0.0200367 0.0058671
0.00950819 0.00293013 -0.00999438 0.0138458 -0.0119263 -6.88044e-10 0.00215131 0 -0.0371535 0.0104701
0.0106489 -0.00476056 -0.00422465 0 0.00987453 0.8 0.0553805 0 1.71872e-11 -0.0336937
0.00761774 6.68909e-14 0.00058332 0.00585821 -0.00707365 0.2 0.0592682 0 -0.0250054 2.69446e-12
-0.015297 0.00586724 0.00659426 -0.000234846 0.00187452 0 0.0390077 0 6.70342e-10 -0.0520309
-0.0136574 6.85401e-11 -0.0103333 -0.00676811 -0.0270066 0 0.1 0 -0.00205459 0
-0.00550742 0.00397289 0.000161667 0 0 0 0 0 0 -0.00645321
-0.0183605 0.0209019 -0.00678762 0 0.00509195 0 0 0 0 0.0222816
0 0.00762109 0.0105965 0.00609731 0 0.03772 0.0135044 0.0333229 -0.0801308 0
0 0.0152507 0.00303063 0.00409516 0 0.00196366 0.0152275 0.0193113 0.0133555 0.0111653
0 0.0115457 0.00296526 0.004987 0.0255261 0.00410781 0.28287 -0.000226611 1.17001e-12 -0.000978283
0 0.0677269 0.0199288 0.00111327 0.0322306 0.0221183 0.0223027 0.0578412 -0.0105725 0.000804472
0 0.054413 0.00447154 -0.000883169 0.0118578 0.00791201 0.0235878 0.00801625 0.0134921 0.00542075
0 0.043674 0.00380384 9.58172e-09 0.010159 0.0190097 0.0166178 0.0226169 -0.0230414 0.00213555
0.0188045 0.0393111 0.00878004 0.00608775 0.0182393 0.0120112 0 0.019053 -0.00775496 -0.00211697
0.00209099 0.027472 0.013158 0.00702209 0.00634665 0.00832102 0.0148298 0.00669838 -0.00568008 0
0.0148057 0.0242422 0.0110306 0 0.0524046 0.00899127 0.00845772 0 -0.00783333 0
0.0146892 0.0257427 0 0 0.0268351 0.0107293 0.0410022 0 0.00420168 0
0.033817 0.0152867 0.00296103 0 0.0243372 0.0146107 0.00575998 0 -0.00347961 0
0.0119214 0.0197535 9.64325e-11 0 0.0228291 0.0168708 0.0262114 0 0.000674442 0
0.0279073 -0.000436656 -0.00102523 0.0119584 2.2928e-12 0.0105305 0.0572352 0 0.00143657 0
0.0117855 0.0111719 0.00611959 0.0152117 0.0275276 0.0169689 0.0265611 0 -0.00675767 0
4.66313e-11 0.0147054 7.11074e-10 0.00316818 0.0257637 0.0112017 0.047321 0 0 0
0.0419419 0.0137666 7.22628e-08 0 0.0291996 0.0133112 0.0544272 0 0 0.00257401
